-0.00013138 -0.00002251 -0.00000877 0.00000787 0.00002295 0.00000292
-0.00013138 0.00002898 -0.00000877 0.00000526 0.00002295 0.00000292
-0.00013178 0.01643867 -0.00000878 0.00000526 0.00002301 0.00000291
-0.00013315 0.08127567 -0.00000878 0.00000788 0.00002319 0.00000289
-0.00013580 0.16886383 -0.00000841 -0.00000600 0.00002356 0.00000268
-0.00013436 0.18657824 -0.00000858 0.00000784 0.00002330 0.00000287
-0.00013396 0.27487721 -0.00000825 0.00000773 0.00002318 0.00000282
-0.00013477 0.30000801 -0.00000798 0.00000746 0.00002330 0.00000257
-0.00013154 0.30000867 -0.00000867 -0.00000549 0.00002287 0.00000230
-0.00013365 0.30000891 -0.00000812 0.00000506 0.00002311 0.00000281
-0.00013488 0.30000801 -0.00000794 0.00000522 0.00002331 0.00000259
-0.09737142 0.07605997 -0.19473659 0.00000776 0.00002286 0.00000276
-0.40010124 -0.44233586 -0.80020202 -0.00000362 0.00000999 0.00000108
-0.74914456 -0.96074080 -1.49828873 0.00000564 0.00000851 0.00000523
-0.97861016 -1.47914437 -1.95722016 0.00000531 0.00001948 0.00000406
-0.99999959 -1.99754669 -2.00000058 -0.00000720 0.00002043 -0.00000357
-1.00000106 -2.00000454 -2.00000053 -0.00000715 0.00002009 -0.00000347
-0.99999959 -2.00000467 -2.00000059 -0.00000718 0.00002039 0.00000204
-0.99999959 -2.00000467 -2.00000059 -0.00000719 0.00002040 0.00000205
-0.91797563 -1.83595540 -1.83595158 -0.00000670 0.00002144 -0.00000453
-0.68218727 -1.41600328 -1.36437362 -0.00000743 0.00001546 0.00000461
-0.32912095 -0.89759805 -0.65824295 -0.00000475 -0.00000436 -0.00000216
0.00013115 -0.00002283 0.00001128 -0.00000602 -0.00002336 0.00000265
0.00013115 0.00002015 0.00001128 0.00000541 -0.00002336 0.00000264
0.00013115 -0.00002282 0.00001128 -0.00000602 -0.00002336 0.00000264
