5.19999743 -1.80009395 -1.79992992 0.00005352 1.30004728 -2.39998442
5.19998550 -1.80010587 -1.79991800 0.00006557 1.29998696 -2.39996034
5.20000982 -1.80010587 -1.79992992 0.00007749 1.30003524 -2.39998442
5.19999743 -1.80009395 -1.79992992 0.00007749 1.30002296 -2.39997226
5.19999743 -1.80010587 -1.79990608 0.00007749 1.30003524 -2.39996034
5.19998550 -1.80010587 -1.79988224 0.00007749 1.30001092 -2.39994842
5.20000982 -1.80010587 -1.79994232 0.00006557 1.29998696 -2.39994842
5.19998550 -1.80010587 -1.79991800 0.00008953 1.30001092 -2.39997226
5.19999743 -1.80005771 -1.79994232 0.00007749 1.29999900 -2.39996034
5.19994974 -1.80011779 -1.79995376 0.00004160 1.30001092 -2.39997226
5.19994974 -1.80008203 -1.79990608 0.00007749 1.29998696 -2.39997226
5.19998550 -1.80009395 -1.79995376 0.00008953 1.29999900 -2.39997226
5.19997358 -1.80010587 -1.79994232 0.00008953 1.29997492 -2.39994842
5.19996166 -1.80009395 -1.79995376 0.00007749 1.29998696 -2.39997226
5.19997358 -1.80009395 -1.79992992 0.00007749 1.30001092 -2.39996034
5.19973373 -1.79993803 -1.79951078 0.00007749 1.30022705 -2.40004403
5.19966173 -1.79983026 -1.79933101 0.00024498 1.30029893 -2.40012771
5.19716549 -1.79729158 -1.79421646 0.00296426 1.30280662 -2.40284974
5.19496965 -1.79508859 -1.78989154 0.00495327 1.30491805 -2.40488846
5.19278479 -1.79305298 -1.78557998 0.00713360 1.30726957 -2.40714223
5.18888474 -1.78889782 -1.77775795 0.01106334 1.31103683 -2.41084797
5.18552446 -1.78562862 -1.77094204 0.01459789 1.31446803 -2.41438491
5.18157625 -1.78176099 -1.76321537 0.01840782 1.31833148 -2.41834242
5.17718363 -1.77722246 -1.75424368 0.02290070 1.32283044 -2.42275483
5.17034292 -1.77058870 -1.74089939 0.02956247 1.32956064 -2.42961342
5.16477442 -1.76494867 -1.72942430 0.03522944 1.33523476 -2.43488986
5.15784979 -1.75788337 -1.71555311 0.04229867 1.34210932 -2.44188077
5.15261698 -1.75283033 -1.70546753 0.04728341 1.34714746 -2.44732505
5.14607620 -1.74613649 -1.69197971 0.05398142 1.35388970 -2.45390851
5.14103556 -1.74105913 -1.68192989 0.05904961 1.35897636 -2.45902831
5.13163853 -1.73177892 -1.66335231 0.06824005 1.36830866 -2.46826178
5.12490559 -1.72497732 -1.64972145 0.07508266 1.37507451 -2.47512180
5.11913252 -1.71930105 -1.63812668 0.08090627 1.38082051 -2.48091346
5.11269999 -1.71282274 -1.62556202 0.08710170 1.38715386 -2.48706538
5.10333872 -1.70355398 -1.60688860 0.09648502 1.39656973 -2.49651534
5.09768629 -1.69762689 -1.59512645 0.10242879 1.40221953 -2.50224764
5.08854055 -1.68844206 -1.57687265 0.11160839 1.41141927 -2.51142198
5.08243179 -1.68253833 -1.56466753 0.11761284 1.41765594 -2.51772982
5.07512236 -1.67520935 -1.55039055 0.12473178 1.42476857 -2.52481777
5.07208586 -1.67246706 -1.54443771 0.12748814 1.42801893 -2.52800781
5.06165648 -1.66164142 -1.52288992 0.13850248 1.43847740 -2.53847701
5.05561972 -1.65572578 -1.51108009 0.14442337 1.44441450 -2.54442579
5.05095100 -1.65100795 -1.50170213 0.14908528 1.44912767 -2.54918725
5.04419374 -1.64425356 -1.48838360 0.15576160 1.45579576 -2.55577141
5.03880501 -1.63896114 -1.47774774 0.16096354 1.46120441 -2.56127626
5.03162766 -1.63164407 -1.46320755 0.16834688 1.46838820 -2.56838781
5.03088331 -1.63102132 -1.46196205 0.16893411 1.46908367 -2.56917984
5.01868963 -1.61866266 -1.43754036 0.18119657 1.48117161 -2.58120901
5.01418877 -1.61399252 -1.42812711 0.18593109 1.48571694 -2.58568293
5.00986814 -1.61006433 -1.41992265 0.18992305 1.49011779 -2.59006054
5.00607538 -1.60612423 -1.41205389 0.19384265 1.49401498 -2.59402997
5.00242662 -1.60238821 -1.40473587 0.19766665 1.49755251 -2.59755642
5.00122643 -1.60125000 -1.40230495 0.19886553 1.49882400 -2.59887559
5.00048256 -1.60044843 -1.40077192 0.19951260 1.49955535 -2.59957105
4.99981022 -1.60002882 -1.39993316 0.19999206 1.50001085 -2.60000307
4.99982214 -1.60000497 -1.39972955 0.20000398 1.50010705 -2.60011083
4.99977398 -1.59987289 -1.39966995 0.20015979 1.50014305 -2.60017068
4.99979830 -1.59982521 -1.39969379 0.20020807 1.50017893 -2.60017068
4.99981022 -1.59986097 -1.39977771 0.20020807 1.50017893 -2.60018284
4.99984598 -1.59998113 -1.39972955 0.20018411 1.50015497 -2.60021860
4.99981022 -1.60000497 -1.39972955 0.20017219 1.50017893 -2.60019476
4.99983406 -1.59999305 -1.39972955 0.20013583 1.50014305 -2.60019476
4.99982214 -1.60008890 -1.39977771 0.20014775 1.50017893 -2.60018284
4.99985790 -1.60001690 -1.39975387 0.20013583 1.50015497 -2.60020668
5.00152636 -1.60154993 -1.40301162 0.19840968 1.49846411 -2.59859974
5.00264263 -1.60277158 -1.40535862 0.19728279 1.49726486 -2.59740049
5.00539112 -1.60563356 -1.41092807 0.19452572 1.49466288 -2.59467823
5.00818729 -1.60843546 -1.41650898 0.19161320 1.49182069 -2.59191925
5.00540304 -1.60578853 -1.41127521 0.19436991 1.49460292 -2.59462983
5.01494455 -1.61503393 -1.42970783 0.18510389 1.48517728 -2.58523876
5.01798153 -1.61795599 -1.43558866 0.18213141 1.48221529 -2.58224041
5.02219391 -1.62237484 -1.44438011 0.17774439 1.47780216 -2.57789880
5.02736664 -1.62757236 -1.45488388 0.17256606 1.47256136 -2.57262165
5.03240776 -1.63259012 -1.46474058 0.16757989 1.46771634 -2.56782419
5.03725672 -1.63763124 -1.47500545 0.16250944 1.46270359 -2.56284696
5.04484177 -1.64498407 -1.48982078 0.15506613 1.45524371 -2.55535156
5.05020666 -1.65052873 -1.50044471 0.14972043 1.44997931 -2.55007440
5.05966425 -1.65972597 -1.51908142 0.14044392 1.44050419 -2.54061205
5.06346893 -1.66353351 -1.52683050 0.13647711 1.43654680 -2.53664238
5.06972170 -1.66992838 -1.53951484 0.13034046 1.43024993 -2.53044206
5.07586670 -1.67610771 -1.55183918 0.12404871 1.42425287 -2.52432591
5.08472395 -1.68489725 -1.56939871 0.11520398 1.41548526 -2.51552326
5.08993244 -1.69004661 -1.58008224 0.10994256 1.41007590 -2.51005465
5.09629345 -1.69654876 -1.59264690 0.10363925 1.40377891 -2.50392658
5.10054255 -1.70079977 -1.60133106 0.09933686 1.39946091 -2.49962122
5.11022758 -1.71039182 -1.62038738 0.08967829 1.38986492 -2.48991973
5.11873674 -1.71882230 -1.63739616 0.08133769 1.38145614 -2.48144108
5.12377739 -1.72387535 -1.64775688 0.07610095 1.37628603 -2.47629697
5.12479734 -1.72502500 -1.64975721 0.07499874 1.37532616 -2.47538525
5.13641500 -1.73628122 -1.67244369 0.06377101 1.36348653 -2.46377713
5.14439631 -1.74449617 -1.68867380 0.05556297 1.35578513 -2.45574314
5.15105677 -1.75112993 -1.70231706 0.04878104 1.34904325 -2.44887168
5.15532923 -1.75540525 -1.71065456 0.04471910 1.34466457 -2.44472295
5.16274595 -1.76288921 -1.72562725 0.03715861 1.33725083 -2.43737227
5.16709042 -1.76711589 -1.73420364 0.03280902 1.33287203 -2.43295938
5.17214346 -1.77222902 -1.74440939 0.02775323 1.32791698 -2.42787511
5.17714787 -1.77718622 -1.75415975 0.02290070 1.32301056 -2.42304284
5.18137169 -1.78137809 -1.76274807 0.01868343 1.31866741 -2.41868955
5.18499660 -1.78484995 -1.76977951 0.01507723 1.31493616 -2.41503245
5.18860865 -1.78869421 -1.77731449 0.01127899 1.31125283 -2.41133911
5.19157314 -1.79154379 -1.78330356 0.00842786 1.30836129 -2.40832955
5.19465733 -1.79484874 -1.78956873 0.00515735 1.30519414 -2.40528375
5.19651747 -1.79652530 -1.79315025 0.00352752 1.30338228 -2.40338928
5.19870186 -1.79876453 -1.79766590 0.00134706 1.30124676 -2.40137488
5.19957781 -1.79963905 -1.79939109 0.00023293 1.30029893 -2.40029556
5.19992590 -1.80001003 -1.79987032 0.00011349 1.30005920 -2.40006787
5.19994974 -1.80002195 -1.80002624 -0.00000602 1.29992700 -2.40001995
5.19994974 -1.80001003 -1.80007393 -0.00000602 1.29989111 -2.40000803
5.19999743 -1.80001003 -1.80008585 -0.00003082 1.29991508 -2.40003187
5.20003366 -1.79999811 -1.80005008 -0.00003082 1.29989111 -2.40001995
5.19998550 -1.79999811 -1.80001384 -0.00006658 1.29987907 -2.40001995
5.20000982 -1.79998619 -1.79995376 -0.00006658 1.29987907 -2.40004403
5.20003366 -1.80001003 -1.80002624 -0.00006658 1.29987907 -2.40001995
5.19999743 -1.80004579 -1.79999000 -0.00006658 1.29987907 -2.39998442
5.20000982 -1.80003387 -1.80000192 -0.00004226 1.29990304 -2.40001995
