0.00084080 0.00285840 0.00040538 0.00079306 -0.00016150 0.00014272
0.00084080 0.00285840 0.00040538 0.00079306 -0.00016150 0.00014272
0.00075708 0.03234912 0.00036526 0.00071457 -0.00014538 0.00012855
0.00072294 0.04437596 0.00034890 0.00068257 -0.00013881 0.00012277
0.00045077 0.14029948 0.00021841 0.00042729 -0.00008640 0.00007669
0.00016690 0.24135851 0.00008116 0.00015857 -0.00003178 0.00002837
-0.00012169 0.29393228 0.00000922 0.00001846 0.00002064 0.00000316
-0.00013511 0.30000802 0.00001061 -0.00000582 0.00002335 -0.00000262
-0.00013362 0.30000890 0.00001033 0.00000505 0.00002308 -0.00000247
-0.00013497 0.30000802 0.00001068 0.00000750 0.00002332 -0.00000258
-0.10400247 0.06094638 -0.20799882 -0.00000607 0.00002272 -0.00000220
-0.41043164 -0.45745600 -0.82086298 0.00000618 0.00000941 0.00000108
-0.70451140 -0.88946038 -1.40902353 -0.00000614 -0.00000963 0.00000508
-0.96025619 -1.40786403 -1.92051209 -0.00000832 -0.00001704 0.00000438
-0.99999983 -1.83986603 -2.00000045 -0.00000756 -0.00001606 0.00000260
-1.00000107 -2.00000454 -2.00000053 -0.00000430 -0.00001523 -0.00000349
-1.00000107 -2.00000454 -2.00000053 -0.00000431 -0.00001526 -0.00000349
-0.99999958 -2.00000467 -2.00000059 -0.00000423 -0.00001498 0.00000205
-0.99999958 -2.00000468 -2.00000059 -0.00000423 -0.00001497 0.00000205
-0.98859418 -1.97719068 -1.97718671 -0.00000442 -0.00001565 0.00000231
-0.78021043 -1.57368419 -1.56041873 0.00000545 -0.00001851 -0.00000488
-0.43565858 -1.05527968 -0.87131764 0.00000623 -0.00000301 -0.00000320
-0.12083032 -0.53687480 -0.24165973 -0.00000446 0.00001512 0.00000091
-0.00013047 -0.01847251 -0.00000873 -0.00000585 0.00002282 0.00000290
-0.00013138 0.00001987 -0.00000877 -0.00000587 0.00002295 0.00000292
-0.00013138 0.00002898 -0.00000877 0.00000526 0.00002295 0.00000292
-0.00013138 0.00002898 -0.00000877 0.00000526 0.00002295 0.00000292
-0.00013138 -0.00002251 -0.00000877 0.00000787 0.00002295 0.00000292
