-0.57418119 0.94317445 0.07171743 1.60230129 0.40229395 -0.18226310 -0.78604719 0.84282198 -0.65171692 -1.61960771 1.31556840 -0.95702996
-0.53666249 0.93022750 0.07000800 1.56411089 0.39270526 -0.17791891 -0.76731506 0.82988327 -0.61234900 -1.58100507 1.28421229 -0.91038538
-0.24990322 0.83128366 0.05694410 1.27223127 0.31942341 -0.14471761 -0.62412617 0.73100247 -0.31146672 -1.28597186 1.04456421 -0.55388640
0.17603986 0.67810841 0.03671981 0.82037766 0.20597607 -0.09331908 -0.40245539 0.57792807 0.15432326 -0.82923662 0.67357006 -0.00199721
0.60804300 0.52284896 0.01622034 0.36237163 0.09098243 -0.04122010 -0.17776904 0.42276808 0.62645565 -0.36628238 0.29752508 0.55740615
0.94888328 0.41764669 0.00233010 0.05203320 0.01306406 -0.00591848 -0.02552483 0.31763390 0.94636570 -0.05259135 0.04272225 0.93644976
0.97915393 0.40720189 0.00095104 0.02122188 0.00532808 -0.00241362 -0.01040957 0.30719587 0.97812731 -0.02144717 0.01742464 0.97408233
0.99999702 0.40000773 -0.00000715 0.00000514 -0.00002115 -0.00000269 -0.00011634 0.30000641 1.00000115 -0.00000513 -0.00001014 0.99999944
1.00000105 0.40000865 -0.00000757 0.00000490 -0.00002137 -0.00000257 -0.00011657 0.30000646 1.00000115 -0.00000446 -0.00001008 0.99999945
0.99999704 0.40000773 -0.00000722 0.00000730 -0.00002113 -0.00000265 -0.00011659 0.30000646 1.00000115 -0.00000448 -0.00001007 0.99999945
0.97200100 0.38880846 -0.00000814 0.00000725 -0.00002146 -0.00000216 -0.00011644 0.29160736 0.97200124 0.00000569 -0.00001091 0.97199955
0.78400138 0.31360887 -0.00000810 -0.00000553 -0.00002209 -0.00000245 -0.00012558 0.23520714 0.78400119 0.00000602 -0.00001412 0.78399951
0.44012509 0.17605949 -0.00000837 -0.00000597 -0.00002279 -0.00000252 -0.00013445 0.13204637 0.44012920 -0.00000556 -0.00001968 0.44012773
0.16764532 0.06706759 -0.00000867 0.00000542 -0.00002323 -0.00000239 -0.00013374 0.05030347 0.16764933 0.00000517 -0.00002279 0.16764826
0.01036552 0.00415560 -0.00000871 0.00000774 -0.00002335 -0.00000230 -0.00013160 0.00311944 0.01036932 0.00000787 -0.00002360 0.01036844
-0.00013296 -0.00002282 -0.00000871 -0.00000602 -0.00002336 -0.00000230 -0.00013138 0.00002898 -0.00000877 -0.00000587 -0.00002362 -0.00000203
-0.00013296 -0.00002282 -0.00000871 -0.00000602 -0.00002336 -0.00000230 -0.00013138 0.00002898 -0.00000877 -0.00000587 -0.00002362 -0.00000203
-0.00013296 0.00002014 -0.00000871 0.00000541 -0.00002336 -0.00000230 -0.00013138 -0.00002251 -0.00000877 0.00000526 -0.00002362 -0.00000203
-0.01670524 0.02744478 0.00208739 0.04661252 0.01170294 -0.00530186 -0.02286354 0.02452616 -0.01895688 -0.04711128 0.03826869 -0.02783912
-0.15553735 0.25550270 0.01942853 0.43404726 0.10897784 -0.04937315 -0.21292943 0.22831788 -0.17654167 -0.43873145 0.35637147 -0.25924785
-0.32318132 0.53087152 0.04036688 0.90185933 0.22643396 -0.10258772 -0.44242693 0.47438835 -0.36681939 -0.91159803 0.74046896 -0.53866540
-0.47924300 0.78722737 0.05985963 1.33736940 0.33577778 -0.15212711 -0.65608137 0.70346642 -0.54395871 -1.35181343 1.09804534 -0.79879012
-0.57362978 0.94226871 0.07164856 1.60076255 0.40190762 -0.18208807 -0.78529234 0.84201261 -0.65109105 -1.61805234 1.31430501 -0.95611089
-0.57418246 0.94317367 0.07171733 1.60230109 0.40229363 -0.18226305 -0.78604719 0.84282197 -0.65171692 -1.61960772 1.31556841 -0.95702996
