0.57417953 0.94317439 0.07171742 1.60230127 0.40229392 -0.18226309 0.77557582 1.92100461 -0.83336190 -1.51463104 1.44381644 -0.95927542
0.58411512 0.93049854 0.07004378 1.56491009 0.39290594 -0.17800983 0.77003481 1.88951529 -0.79973963 -1.45493607 1.40472261 -0.91533815
0.59418614 0.91765216 0.06834763 1.52701419 0.38339146 -0.17369918 0.74397909 1.83394226 -0.74199443 -1.42899747 1.38280991 -0.86870670
0.68325511 0.80404080 0.05334713 1.19186671 0.29924623 -0.13557611 0.61445245 1.46969013 -0.34171282 -1.02984210 1.07118332 -0.45760478
0.80686546 0.64636701 0.03252889 0.72674052 0.18246607 -0.08266763 0.35007727 1.00232222 0.25068248 -0.66358274 0.57600312 0.15621398
0.92413966 0.49677534 0.01277775 0.28545648 0.07167095 -0.03247085 0.14003435 0.58572336 0.70574284 -0.28853691 0.23437469 0.65134913
0.99894746 0.40135257 0.00017876 0.00396686 0.00099577 -0.00045083 0.00194514 0.30382453 0.99591452 -0.00400576 0.00325742 0.99515741
0.99999703 0.40000773 -0.00000719 0.00000512 0.00002290 0.00000261 -0.00011556 0.30000728 1.00000124 0.00000674 0.00001524 0.99999954
1.00000107 0.40000863 -0.00000778 0.00000485 0.00002260 0.00000254 -0.00011581 0.30000728 1.00000124 0.00000716 0.00001521 0.99999954
0.89886493 0.35955427 -0.00000772 0.00000758 0.00002285 0.00000276 -0.00012016 0.26966676 0.89886501 0.00000590 0.00001682 0.89886334
0.65231611 0.26093479 -0.00000832 -0.00000563 0.00002314 0.00000277 -0.00012958 0.19570181 0.65231573 0.00000453 0.00002050 0.65231412
0.35632252 0.14253846 -0.00000853 0.00000538 0.00002349 0.00000262 -0.00013381 0.10690654 0.35632668 0.00000748 0.00002284 0.35632540
0.07104774 0.02842726 -0.00000879 0.00000526 0.00002305 0.00000291 -0.00013419 0.02132203 0.07104670 0.00000772 0.00002348 0.07104560
0.00013274 0.00001987 -0.00000877 0.00000787 0.00002295 0.00000292 -0.00013296 -0.00002282 0.00001128 -0.00000602 0.00002322 0.00000264
0.00013274 0.00002898 -0.00000877 -0.00000587 0.00002295 0.00000292 -0.00013296 0.00002014 0.00001128 0.00000541 0.00002322 0.00000264
0.00013274 0.00002898 -0.00000877 -0.00000587 0.00002295 0.00000292 -0.00013296 0.00002014 0.00001128 0.00000541 0.00002322 0.00000264
-0.05324889 0.08748107 0.00665252 0.14860405 0.03730978 -0.01690333 -0.07290279 0.07817322 -0.06044088 -0.15020465 0.12200931 -0.08875732
-0.22550619 0.37043501 0.02816773 0.62930003 0.15800105 -0.07158354 -0.30872037 0.33102049 -0.25595882 -0.63609391 0.51668437 -0.37587003
-0.39492454 0.64872450 0.04932822 1.10207300 0.27670177 -0.12536206 -0.54064692 0.57970104 -0.44825412 -1.11397459 0.90485448 -0.65825012
-0.52906636 0.86906460 0.06608227 1.47640036 0.37068396 -0.16794187 -0.72428653 0.77659706 -0.60050824 -1.49234680 1.21219724 -0.88183162
-0.57418119 0.94317446 0.07171743 1.60230129 0.40229395 -0.18226310 -0.78605020 0.84282103 -0.65171709 -1.61960785 1.31556840 -0.95703048
-0.57418246 0.94317367 0.07171733 1.60230109 0.40229363 -0.18226305 -0.78604721 0.84282200 -0.65171691 -1.61960771 1.31556840 -0.95702996
