1.46381509 0.09855151 0.30261660 -1.34877092 -0.39092142 -0.09385807 -3.18381578 -0.71278507 -0.95136100 0.41642150 0.02564886 0.00000000
1.46377909 0.09851563 0.30266476 -1.34879476 -0.39089758 -0.09388239 -3.18381578 -0.71280939 -0.95134908 0.41640952 0.02567283 0.00000000
1.46380305 0.09856355 0.30266476 -1.34883053 -0.39092142 -0.09382230 -3.18380386 -0.71277315 -0.95132524 0.41637355 0.02566085 0.00000000
1.46381509 0.09850359 0.30261660 -1.34881860 -0.39092142 -0.09384615 -3.18379194 -0.71278507 -0.95137340 0.41640952 0.02566085 0.00000000
1.46383905 0.09849155 0.30266476 -1.34881860 -0.39092142 -0.09385807 -3.18381578 -0.71280939 -0.95137340 0.41643348 0.02567283 0.00000000
1.46382701 0.09853959 0.30266476 -1.34878284 -0.39090950 -0.09383423 -3.18382770 -0.71279747 -0.95134908 0.41642150 0.02566085 0.00000000
1.46379113 0.09853959 0.30265284 -1.34875900 -0.39093334 -0.09384615 -3.18382770 -0.71278507 -0.95137340 0.41638553 0.02567283 0.00000000
1.46379113 0.09852755 0.30262852 -1.34878284 -0.39090950 -0.09383423 -3.18380386 -0.71280939 -0.95137340 0.41640952 0.02566085 0.00000000
1.46381509 0.09852755 0.30264044 -1.34880668 -0.39090950 -0.09383423 -3.18382770 -0.71280939 -0.95137340 0.41640952 0.02569680 0.00000000
1.46379113 0.09852755 0.30264044 -1.34880668 -0.39090950 -0.09385807 -3.18386346 -0.71278507 -0.95137340 0.41642150 0.02566085 0.00000000
