1.50651181 0.29810238 0.08156109 4.60950232 5.39471674 -0.18225080 5.20002174 -1.79997379 -1.79992992 -0.00005466 1.29991508 -2.39998442
1.50643992 0.29819822 0.08150101 4.60949039 5.39471674 -0.18225080 5.20002174 -1.79997379 -1.79994232 -0.00001842 1.29990304 -2.40000803
1.50648785 0.29816222 0.08158493 4.60950232 5.39471674 -0.18225080 5.20004559 -1.79993803 -1.79996616 -0.00004226 1.29992700 -2.39999634
1.50647593 0.29818630 0.08154869 4.60947800 5.39476442 -0.18223888 5.20000982 -1.79999811 -1.79992992 -0.00004226 1.29990304 -2.40000803
1.50649989 0.29815030 0.08156109 4.60946608 5.39472866 -0.18221456 5.20000982 -1.79997379 -1.79992992 -0.00003082 1.29992700 -2.39996034
1.50645196 0.29812634 0.08152485 4.60949039 5.39475250 -0.18221456 5.19998550 -1.79993803 -1.79995376 -0.00001842 1.29990304 -2.39996034
1.50643992 0.29801846 0.08154869 4.60936975 5.39466858 -0.18225080 5.20004559 -1.79999811 -1.79977447 -0.00004226 1.29980683 -2.40000803
1.50624824 0.29798257 0.08157301 4.60927391 5.39464474 -0.18221456 5.19999743 -1.79981834 -1.79973823 0.00018501 1.29969895 -2.39975626
1.50624824 0.29785073 0.08151293 4.60913038 5.39452457 -0.18225080 5.20002174 -1.79963905 -1.79958278 0.00030518 1.29950726 -2.39969641
1.50604451 0.29759908 0.08156109 4.60890198 5.39438057 -0.18219072 5.19997358 -1.79939920 -1.79935533 0.00052059 1.29930305 -2.39939672
1.50588870 0.29746795 0.08146524 4.60863781 5.39430857 -0.18211824 5.19999743 -1.79913599 -1.79908020 0.00083220 1.29902709 -2.39918071
1.50557709 0.29719234 0.08141708 4.60822964 5.39412880 -0.18197424 5.20000982 -1.79881221 -1.79872066 0.00110745 1.29870355 -2.39883310
1.50542128 0.29689264 0.08138132 4.60798931 5.39399719 -0.18190223 5.19999743 -1.79847700 -1.79846889 0.00144303 1.29841518 -2.39853317
1.50509775 0.29660511 0.08130932 4.60732937 5.39355373 -0.18174583 5.20004559 -1.79799825 -1.79786951 0.00208974 1.29777956 -2.39768202
1.50502586 0.29650927 0.08127308 4.60735321 5.39363766 -0.18171007 5.19999743 -1.79799825 -1.79791767 0.00207782 1.29791141 -2.39808971
1.50502586 0.29647326 0.08128548 4.60749769 5.39368534 -0.18177063 5.20004559 -1.79802210 -1.79802543 0.00193429 1.29791141 -2.39820964
1.50394762 0.29589844 0.08164501 4.60734129 5.39357758 -0.18172199 5.20002174 -1.79801017 -1.79796535 0.00206578 1.29783952 -2.39854509
1.50236571 0.29515541 0.08244753 4.60726929 5.39339781 -0.18158991 5.19997358 -1.79791481 -1.79792959 0.00223398 1.29774368 -2.39879710
1.50001681 0.29393339 0.08344221 4.60718489 5.39331388 -0.18150598 5.20000982 -1.79774696 -1.79785759 0.00244963 1.29762340 -2.39900095
1.49527109 0.29148936 0.08552742 4.60698128 5.39314651 -0.18127758 5.20003366 -1.79760296 -1.79771406 0.00260508 1.29758751 -2.39920456
1.49239480 0.28995645 0.08710861 4.60693359 5.39312220 -0.18128997 5.20000982 -1.79739982 -1.79760677 0.00278485 1.29738343 -2.39934880
1.48655927 0.28691316 0.08973360 4.60676527 5.39296675 -0.18126566 5.20000982 -1.79717189 -1.79739076 0.00297618 1.29723954 -2.39934880
1.48219705 0.28460133 0.09191418 4.60657310 5.39284658 -0.18127758 5.20002174 -1.79701597 -1.79724723 0.00332415 1.29704750 -2.39942080
1.47517502 0.28103125 0.09513807 4.60635710 5.39269066 -0.18112213 5.20004559 -1.79674083 -1.79697162 0.00353944 1.29678380 -2.39926464
1.46708643 0.27669442 0.09923601 4.60605717 5.39251089 -0.18096573 5.20000982 -1.79641754 -1.79663593 0.00391102 1.29648340 -2.39906079
1.46103477 0.27351975 0.10190868 4.60581684 5.39245129 -0.18096573 5.20002174 -1.79613001 -1.79639608 0.00409079 1.29623175 -2.39882118
1.45192778 0.26877582 0.10631847 4.60551691 5.39231920 -0.18090564 5.20003366 -1.79586631 -1.79610902 0.00441396 1.29602766 -2.39854509
1.44784117 0.26671529 0.10854721 4.60539675 5.39216328 -0.18082172 5.20002174 -1.79555542 -1.79581005 0.00473750 1.29577565 -2.39825756
1.43975294 0.26245046 0.11235809 4.60506058 5.39204359 -0.18078500 5.20003366 -1.79529173 -1.79549820 0.00496519 1.29540372 -2.39800555
1.42935216 0.25695193 0.11747456 4.60471249 5.39191198 -0.18064148 5.20002174 -1.79492075 -1.79511482 0.00531280 1.29503191 -2.39757401
1.41988611 0.25223196 0.12183666 4.60435247 5.39173222 -0.18062956 5.20003366 -1.79447776 -1.79465944 0.00574422 1.29476786 -2.39703447
1.41031182 0.24721253 0.12652206 4.60402822 5.39160013 -0.18062956 5.20003366 -1.79414255 -1.79443199 0.00605583 1.29431164 -2.39655453
1.39767075 0.24062371 0.13270521 4.60353613 5.39138460 -0.18055755 5.19998550 -1.79371101 -1.79390508 0.00645089 1.29387987 -2.39596707
1.38785756 0.23558033 0.13731861 4.60318804 5.39122868 -0.18049747 5.19999743 -1.79336387 -1.79361755 0.00677443 1.29353201 -2.39540345
1.37778068 0.23040497 0.14229155 4.60287571 5.39103699 -0.18036491 5.20003366 -1.79305298 -1.79328186 0.00715756 1.29313612 -2.39499551
1.36766827 0.22514617 0.14704847 4.60249186 5.39094114 -0.18036491 5.20003366 -1.79266912 -1.79282695 0.00748110 1.29272830 -2.39434845
1.36166525 0.22199583 0.15012884 4.60231161 5.39085722 -0.18036491 5.20004559 -1.79235822 -1.79253942 0.00780475 1.29240429 -2.39388091
1.35338640 0.21774292 0.15399885 4.60195112 5.39074945 -0.18036491 5.20006943 -1.79209501 -1.79215604 0.00808001 1.29216421 -2.39346129
1.34708381 0.21446073 0.15724611 4.60172319 5.39059305 -0.18028099 5.20004559 -1.79180748 -1.79189235 0.00834370 1.29192460 -2.39310128
1.33816981 0.20981228 0.16134453 4.60135126 5.39059305 -0.18019706 5.20003366 -1.79140026 -1.79150898 0.00864327 1.29149282 -2.39247781
1.33094525 0.20601523 0.16496325 4.60114717 5.39044952 -0.18018514 5.20003366 -1.79123289 -1.79125721 0.00889492 1.29126430 -2.39207036
1.32538605 0.20312774 0.16761160 4.60089540 5.39031744 -0.18013746 5.19998550 -1.79094488 -1.79105407 0.00911069 1.29106057 -2.39177019
1.31765842 0.19916284 0.17141008 4.60066700 5.39020967 -0.18007690 5.20003366 -1.79071790 -1.79076654 0.00937426 1.29080856 -2.39121873
1.31282997 0.19673085 0.17361450 4.60039091 5.39015007 -0.18006498 5.20002174 -1.79060966 -1.79059869 0.00949371 1.29061675 -2.39101488
1.30930769 0.19486237 0.17522049 4.60030699 5.39008999 -0.18004114 5.20004559 -1.79039413 -1.79044325 0.00972188 1.29035282 -2.39060742
1.30525851 0.19280183 0.17725754 4.60018682 5.39008999 -0.18006498 5.20003366 -1.79023868 -1.79021532 0.00976944 1.29025650 -2.39040381
1.30296993 0.19147193 0.17853975 4.60007906 5.39001799 -0.18001682 5.20003366 -1.79009468 -1.79011947 0.00987768 1.29010069 -2.39021165
1.30126858 0.19064546 0.17947483 4.60004282 5.38994598 -0.18005306 5.20004559 -1.79002315 -1.79001171 0.00996113 1.29002881 -2.39006788
1.30101681 0.19054961 0.17948675 4.59999466 5.38979053 -0.18005306 5.19999743 -1.78996307 -1.79001171 0.00999713 1.29006481 -2.39004380
1.30094528 0.19053757 0.17952251 4.59995842 5.38985014 -0.17999298 5.20000982 -1.78999883 -1.78996355 0.01002109 1.29001689 -2.39005572
1.30089736 0.19054961 0.17946243 4.59995842 5.38998222 -0.18001682 5.19998550 -1.78999883 -1.78996355 0.01000905 1.29004085 -2.39001996
1.30089736 0.19054961 0.17945051 4.59993458 5.38999414 -0.18001682 5.20004559 -1.78998691 -1.78996355 0.01000905 1.29000485 -2.39000780
1.30153215 0.19081318 0.17910290 4.59993458 5.39005375 -0.18004114 5.20004559 -1.78998691 -1.78993971 0.01002109 1.28999281 -2.39001996
1.30368900 0.19195139 0.17795277 4.59981489 5.39029360 -0.17999298 5.20004559 -1.78999883 -1.78995163 0.01005697 1.28996885 -2.39001996
1.30715132 0.19368827 0.17625141 4.59986258 5.39043760 -0.18005306 5.20002174 -1.78998691 -1.78996355 0.01015294 1.28986061 -2.38999588
1.31075740 0.19548559 0.17468119 4.59981489 5.39058113 -0.18004114 5.20004559 -1.78997499 -1.78990394 0.01018882 1.28993261 -2.39001996
1.31643605 0.19827640 0.17164946 4.59981489 5.39071369 -0.18000490 5.20004559 -1.78998691 -1.78989154 0.01018882 1.28994453 -2.38995988
1.32234311 0.20134318 0.16868973 4.59983873 5.39074945 -0.18001682 5.20002174 -1.78999883 -1.78988010 0.01014090 1.28990865 -2.38999588
1.32858503 0.20456553 0.16546679 4.59982681 5.39086914 -0.18002874 5.20002174 -1.79001123 -1.78990394 0.01009297 1.28984869 -2.39001996
1.33349752 0.20698559 0.16278267 4.59977865 5.39100122 -0.18004114 5.20003366 -1.79001123 -1.78988010 0.01015294 1.28984869 -2.38998396
1.34015882 0.21036363 0.15954733 4.59979057 5.39096498 -0.17999298 5.20002174 -1.78998691 -1.78986770 0.01014090 1.28982472 -2.38999588
1.34993577 0.21522737 0.15461016 4.59977865 5.39095306 -0.18001682 5.20000982 -1.78998691 -1.78988010 0.01012897 1.28981268 -2.38997204
1.35695696 0.21880913 0.15123129 4.59981489 5.39097691 -0.18005306 5.20000982 -1.78998691 -1.78984386 0.01015294 1.28978872 -2.38998396
1.36635041 0.22340918 0.14665365 4.59979057 5.39096498 -0.17999298 5.20002174 -1.78999883 -1.78986770 0.01010489 1.28981268 -2.38999588
1.37410271 0.22727859 0.14260292 4.59979057 5.39097691 -0.18001682 5.20004559 -1.79002315 -1.78979618 0.01014090 1.28983665 -2.38997204
1.38258564 0.23143518 0.13844538 4.59980249 5.39092922 -0.17999298 5.20002174 -1.78999883 -1.78989154 0.01015294 1.28981268 -2.38997204
1.39201498 0.23625100 0.13375950 4.59979057 5.39085722 -0.18000490 5.19996166 -1.78996307 -1.78988010 0.01017690 1.28975284 -2.38998396
1.39968407 0.24010885 0.12992525 4.59980249 5.39079762 -0.17999298 5.20002174 -1.78999883 -1.78991586 0.01015294 1.28978872 -2.38997204
1.41034782 0.24533165 0.12462854 4.59981489 5.39078522 -0.17999298 5.19998550 -1.78996307 -1.78989154 0.01014090 1.28982472 -2.38998396
1.42181528 0.25109386 0.11898470 4.59981489 5.39070129 -0.18002874 5.20003366 -1.78998691 -1.78990394 0.01014090 1.28986061 -2.38997204
1.42937613 0.25480747 0.11514950 4.59982681 5.39061785 -0.17998058 5.20000982 -1.78997499 -1.78985578 0.01014090 1.28988469 -2.38997204
1.43779993 0.25896454 0.11099195 4.59988689 5.39055729 -0.18004114 5.20003366 -1.78995115 -1.78986770 0.01018882 1.28998089 -2.38997204
1.44737422 0.26385224 0.10619879 4.59988689 5.39047337 -0.18000490 5.20003366 -1.79001123 -1.78990394 0.01010489 1.28994453 -2.38997204
1.45406067 0.26703846 0.10290289 4.59987450 5.39040136 -0.18000490 5.19998550 -1.79001123 -1.78991586 0.01005697 1.28993261 -2.38997204
1.46126246 0.27063262 0.09931993 4.59986258 5.39040136 -0.17999298 5.20004559 -1.78998691 -1.78998787 0.01008093 1.28992057 -2.38998396
1.46835673 0.27408302 0.09583282 4.59991074 5.39030552 -0.17999298 5.20002174 -1.78996307 -1.79007179 0.01003301 1.28995693 -2.38997204
1.47587001 0.27794039 0.09205818 4.59997082 5.39023352 -0.18000490 5.20000982 -1.79001123 -1.79003555 0.01000905 1.28989661 -2.38998396
1.48346734 0.28169000 0.08822346 4.59995842 5.39015007 -0.17996866 5.20003366 -1.78998691 -1.78985578 0.01002109 1.28993261 -2.38997204
1.48937511 0.28464937 0.08540726 4.59998274 5.39010191 -0.17999298 5.20000982 -1.79001123 -1.78991586 0.00999713 1.28993261 -2.38992387
1.49246705 0.28614664 0.08380175 4.59994650 5.39005375 -0.17998058 5.20003366 -1.79002315 -1.78991586 0.00998509 1.28996885 -2.38995988
1.49609792 0.28787160 0.08201647 4.60000706 5.39001799 -0.17998058 5.20003366 -1.78995115 -1.78988010 0.00999713 1.28996885 -2.38995988
1.49833894 0.28921342 0.08084202 4.59998274 5.38998222 -0.17999298 5.20000982 -1.78998691 -1.78995163 0.01000905 1.28996885 -2.38995988
1.49946547 0.28963292 0.08017063 4.59999466 5.38999414 -0.18001682 5.20004559 -1.78997499 -1.78990394 0.00999713 1.28989661 -2.38995988
1.49948943 0.28963292 0.08017063 4.59995842 5.38991022 -0.17999298 5.20002174 -1.78998691 -1.78990394 0.00999713 1.28995693 -2.38998396
1.49953699 0.28966880 0.08017063 4.60001898 5.38980246 -0.18000490 5.20004559 -1.78997499 -1.78989154 0.00999713 1.28994453 -2.38997204
1.49959695 0.28970480 0.08021879 4.59995842 5.38985014 -0.18002874 5.20002174 -1.78999883 -1.78989154 0.01002109 1.28993261 -2.38997204
