2.42292309 -0.83624250 -0.00091106 -1.21818287 -0.16414720 -0.07930404 -3.04466135 -0.66855652 -0.96669752 0.41568822 0.02448789 0.00000000
2.42289925 -0.83617050 -0.00089914 -1.21817094 -0.16418296 -0.07932789 -3.04467327 -0.66852075 -0.96670944 0.41565225 0.02445194 0.00000000
2.42288709 -0.83620674 -0.00088722 -1.21814663 -0.16414720 -0.07932789 -3.04466135 -0.66854459 -0.96669752 0.41565225 0.02446392 0.00000000
2.42292309 -0.83617050 -0.00087482 -1.21819479 -0.16415912 -0.07931596 -3.04464943 -0.66854459 -0.96668560 0.41562828 0.02446392 0.00000000
2.42286277 -0.83624250 -0.00094682 -1.21819479 -0.16418296 -0.07932789 -3.04463751 -0.66852075 -0.96672136 0.41567624 0.02445194 0.00000000
2.42292309 -0.83621866 -0.00092298 -1.21814663 -0.16413480 -0.07931596 -3.04463751 -0.66854459 -0.96672136 0.41562828 0.02445194 0.00000000
2.42289925 -0.83620674 -0.00091106 -1.21817094 -0.16415912 -0.07930404 -3.04467327 -0.66854459 -0.96670944 0.41570055 0.02446392 0.00000000
2.42292309 -0.83624250 -0.00088722 -1.21815902 -0.16414720 -0.07933981 -3.04468519 -0.66850883 -0.96667368 0.41566423 0.02442797 0.00000000
2.42287517 -0.83618290 -0.00086290 -1.21815902 -0.16415912 -0.07929212 -3.04463751 -0.66855652 -0.96668560 0.41561630 0.02445194 0.00000000
2.42289925 -0.83621866 -0.00088722 -1.21819479 -0.16417104 -0.07930404 -3.04464943 -0.66853267 -0.96670944 0.41565225 0.02448789 0.00000000
2.42630553 -0.83953602 -0.00188142 -1.21775133 -0.16328556 -0.07928020 -3.04462511 -0.66849691 -0.96667368 0.41570055 0.02442797 0.00000000
2.44890666 -0.86197979 -0.00890428 -1.21459800 -0.15764839 -0.07840330 -3.04466135 -0.66855652 -0.96670944 0.41566423 0.02446392 0.00000000
2.48725963 -0.90031654 -0.02037269 -1.20941908 -0.14855272 -0.07705862 -3.04466135 -0.66853267 -0.96669752 0.41562828 0.02445194 0.00000000
2.54196572 -0.95449859 -0.03753454 -1.20166237 -0.13464576 -0.07522089 -3.04464943 -0.66854459 -0.96672136 0.41562828 0.02442797 0.00000000
2.61277461 -1.02498085 -0.05911810 -1.19183189 -0.11714918 -0.07283146 -3.04462511 -0.66855652 -0.96667368 0.41568822 0.02446392 0.00000000
2.69218922 -1.10378868 -0.08347017 -1.18058712 -0.09739191 -0.06991321 -3.04466135 -0.66852075 -0.96674520 0.41564026 0.02445194 0.00000000
2.78470993 -1.19568855 -0.11176616 -1.16757995 -0.07449943 -0.06679136 -3.04467327 -0.66854459 -0.96668560 0.41566423 0.02441599 0.00000000
