1.49956107 0.28969276 0.08020687 4.60000706 5.39000607 -0.17996866 5.20004559 -1.79001123 -1.78990394 0.00998509 1.28994453 -2.38998396
1.49958503 0.28974068 0.08013487 4.59999466 5.39001799 -0.17998058 5.20000982 -1.78997499 -1.78993971 0.00996113 1.28995693 -2.39000780
1.49960899 0.28971672 0.08023071 4.59997082 5.39000607 -0.17996866 5.20005751 -1.78997499 -1.78991586 0.00999713 1.28993261 -2.38999588
1.49956107 0.28968084 0.08017063 4.60000706 5.39000607 -0.17996866 5.20002174 -1.79002315 -1.78990394 0.00998509 1.28995693 -2.38998396
1.49956107 0.28969276 0.08023071 4.60000706 5.38997030 -0.17998058 5.20000982 -1.78998691 -1.78991586 0.00998509 1.28998089 -2.38994795
1.49959695 0.28965688 0.08019447 4.59998274 5.39002991 -0.18001682 5.20003366 -1.78999883 -1.78990394 0.00998509 1.28996885 -2.38997204
1.49957299 0.28970480 0.08015871 4.59999466 5.38998222 -0.17992098 5.20003366 -1.78999883 -1.78993971 0.00999713 1.28994453 -2.38997204
1.49960899 0.28971672 0.08021879 4.59999466 5.38998222 -0.17999298 5.20000982 -1.79001123 -1.78990394 0.00999713 1.28993261 -2.38999588
1.49958503 0.28960896 0.08014679 4.59997082 5.39001799 -0.17999298 5.20003366 -1.78998691 -1.78989154 0.00996113 1.28992057 -2.38998396
1.49956107 0.28971672 0.08025455 4.60000706 5.39000607 -0.17996866 5.20002174 -1.79001123 -1.78990394 0.00997317 1.28998089 -2.38998396
1.49951351 0.28966880 0.08020687 4.60000706 5.38998222 -0.17999298 5.19968557 -1.78997499 -1.78992778 0.01000905 1.28998089 -2.39001996
1.49897373 0.28950107 0.08043432 4.59999466 5.39002991 -0.18000490 5.19610929 -1.78999883 -1.78988010 0.00999713 1.28995693 -2.38998396
1.49802744 0.28908157 0.08098555 4.60003090 5.39000607 -0.18002874 5.19283295 -1.78998691 -1.78990394 0.00998509 1.29001689 -2.38997204
1.49575043 0.28777575 0.08192062 4.60000706 5.38995790 -0.17995674 5.17900753 -1.78993971 -1.78986770 0.00997317 1.28982472 -2.38998396
1.49231088 0.28613460 0.08375359 4.59999466 5.38998222 -0.17996866 5.16572237 -1.78998691 -1.78984386 0.00999713 1.28986061 -2.38997204
1.48897970 0.28445756 0.08528757 4.60003090 5.39000607 -0.17998058 5.13929510 -1.78999883 -1.78991586 0.00993752 1.28992057 -2.38995988
1.48137045 0.28075552 0.08899069 4.60003090 5.38997030 -0.18001682 5.10546303 -1.78999883 -1.78988010 0.00991356 1.28984869 -2.38995988
1.47504282 0.27756929 0.09232187 4.60004282 5.38995790 -0.17998058 5.08456802 -1.79002315 -1.78985578 0.00990164 1.28981268 -2.38998396
1.46926713 0.27470577 0.09516239 4.60001898 5.39002991 -0.17996866 5.05907583 -1.79008276 -1.78990394 0.00985324 1.28984869 -2.38998396
1.46186125 0.27090824 0.09880447 4.60000706 5.38998222 -0.17998058 5.02583075 -1.79010708 -1.78984386 0.00987768 1.29040074 -2.38997204
1.45323372 0.26664340 0.10325098 4.60003090 5.39000607 -0.17999298 4.97680187 -1.79008276 -1.78977186 0.01003301 1.28993261 -2.38992387
1.44679892 0.26344478 0.10662985 4.60003090 5.39001799 -0.17998058 4.95747852 -1.79001123 -1.78983194 0.01002109 1.29053295 -2.38995988
1.43493605 0.25746727 0.11247778 4.60000706 5.38998222 -0.17999298 4.88932896 -1.78995115 -1.79002363 0.01000905 1.29019654 -2.38997204
1.42225826 0.25103390 0.11862469 4.60003090 5.38999414 -0.17996866 4.83205318 -1.78996307 -1.78996355 0.01008093 1.28986061 -2.38997204
1.41482913 0.24753606 0.12263966 4.60005474 5.38998222 -0.18000490 4.77969837 -1.78995115 -1.78989154 0.01004505 1.28958499 -2.38999588
1.40545905 0.24268389 0.12720490 4.60003090 5.39001799 -0.17998058 4.75589800 -1.78999883 -1.78989154 0.01002109 1.28992057 -2.38995988
1.39848566 0.23949766 0.13075209 4.60003090 5.38995790 -0.17999298 4.73078871 -1.79003507 -1.78984386 0.00998509 1.28983665 -2.38997204
1.39132059 0.23566413 0.13422728 4.60005474 5.39001799 -0.17995674 4.68826389 -1.79004699 -1.78992778 0.00998509 1.28964496 -2.38995988
1.38507795 0.23262131 0.13727045 4.60005474 5.38995790 -0.17996866 4.65199327 -1.78996307 -1.78982002 0.00999713 1.28995693 -2.38998396
1.37495315 0.22750628 0.14223194 4.59999466 5.38999414 -0.17998058 4.57250309 -1.79010708 -1.78995163 0.00993752 1.28989661 -2.38998396
1.36631441 0.22324145 0.14676142 4.60005474 5.39000607 -0.17996866 4.54344606 -1.79009468 -1.78992778 0.00993752 1.29018462 -2.38995988
1.35622597 0.21795857 0.15175819 4.60005474 5.38999414 -0.17996866 4.50115156 -1.79003507 -1.78995163 0.00993752 1.28983665 -2.38997204
1.34856951 0.21420908 0.15552092 4.60005474 5.38995790 -0.17998058 4.44876528 -1.79003507 -1.78996355 0.00990164 1.28978872 -2.39000780
1.34292638 0.21156168 0.15840864 4.60006666 5.38999414 -0.18000490 4.40868092 -1.78998691 -1.78989154 0.00994956 1.28994453 -2.38997204
1.33661222 0.20836294 0.16171598 4.60007906 5.38998222 -0.17996866 4.39669180 -1.79002315 -1.78990394 0.00992560 1.29050851 -2.39001996
1.33065760 0.20536804 0.16474771 4.60001898 5.39001799 -0.17998058 4.35563707 -1.79005891 -1.78996355 0.00988960 1.29020858 -2.38994795
1.32233119 0.20112753 0.16863012 4.60000706 5.38998222 -0.17999298 4.31813526 -1.79003507 -1.78997547 0.00992560 1.29007673 -2.38999588
1.31492674 0.19753373 0.17244053 4.60007906 5.39000607 -0.17998058 4.27666235 -1.78998691 -1.78997547 0.00988960 1.29004085 -2.38997204
1.31075740 0.19540167 0.17465734 4.60006666 5.39000607 -0.17998058 4.24195862 -1.79004699 -1.78995163 0.00994956 1.29002881 -2.38997204
1.30644417 0.19328117 0.17674255 4.60005474 5.38994598 -0.17996866 4.22814751 -1.79008276 -1.78995163 0.00994956 1.28998089 -2.38997204
1.30274224 0.19142401 0.17858791 4.60005474 5.38995790 -0.17998058 4.21563196 -1.79008276 -1.78998787 0.00993752 1.28992057 -2.38995988
1.30102885 0.19053757 0.17951059 4.60004282 5.39001799 -0.18000490 4.20750809 -1.79004699 -1.78990394 0.00998509 1.29000485 -2.39000780
1.30099320 0.19047761 0.17949867 4.60003090 5.38998222 -0.17999298 4.20741224 -1.79005891 -1.78993971 0.00998509 1.28993261 -2.38998396
1.30096924 0.19051361 0.17953444 4.60003090 5.38998222 -0.17996866 4.20740032 -1.79007084 -1.78996355 0.00996113 1.28995693 -2.38997204
1.30098128 0.19046569 0.17947483 4.60003090 5.38999414 -0.17995674 4.20741224 -1.79004699 -1.78990394 0.00996113 1.28994453 -2.38998396
1.30095732 0.19054961 0.17951059 4.60003090 5.38997030 -0.17996866 4.20736456 -1.79005891 -1.78995163 0.00996113 1.28993261 -2.38997204
1.30096924 0.19046569 0.17949867 4.60006666 5.39000607 -0.17995674 4.20742464 -1.79005891 -1.78995163 0.00997317 1.28995693 -2.38997204
1.30093336 0.19047761 0.17957067 4.60004282 5.39000607 -0.17998058 4.20740032 -1.79004699 -1.78991586 0.00996113 1.28994453 -2.38997204
1.30098128 0.19053757 0.17951059 4.60004282 5.39002991 -0.17998058 4.20771265 -1.79009468 -1.78996355 0.00999713 1.28992057 -2.38994795
1.30161607 0.19077730 0.17913866 4.60000706 5.38995790 -0.18000490 4.21137190 -1.79007084 -1.78992778 0.00997317 1.28990865 -2.39000780
1.30281413 0.19146001 0.17862368 4.60004282 5.39000607 -0.17995674 4.21952009 -1.79004699 -1.78990394 0.00998509 1.28990865 -2.38998396
1.30528247 0.19257414 0.17741346 4.60006666 5.38999414 -0.17998058 4.23028374 -1.79005891 -1.78997547 0.01000905 1.29000485 -2.38998396
1.30927169 0.19446731 0.17548418 4.60005474 5.39000607 -0.17995674 4.25027466 -1.79007084 -1.78999979 0.00996113 1.29000485 -2.38999588
1.31323743 0.19661129 0.17338753 4.60004282 5.39000607 -0.17995674 4.26522684 -1.79005891 -1.78995163 0.01000905 1.28987265 -2.38999588
1.31777835 0.19894707 0.17117071 4.60001898 5.38999414 -0.18000490 4.29004240 -1.78998691 -1.78990394 0.01002109 1.28983665 -2.38997204
1.32700348 0.20331955 0.16656923 4.60003090 5.38997030 -0.17996866 4.32816792 -1.79002315 -1.78997547 0.01000905 1.28977680 -2.38997204
1.33053815 0.20514071 0.16467619 4.60005474 5.38999414 -0.17999298 4.35480881 -1.79001123 -1.78999979 0.01003301 1.28993261 -2.38998396
1.33646882 0.20814764 0.16160822 4.60001898 5.38999414 -0.17998058 4.37991428 -1.78999883 -1.78997547 0.01009297 1.28956068 -2.38998396
1.34456789 0.21216047 0.15786982 4.60004282 5.39000607 -0.18000490 4.41973400 -1.79014284 -1.79004747 0.01004505 1.28981268 -2.38998396
1.35144532 0.21567070 0.15417862 4.59999466 5.38997030 -0.17999298 4.46471500 -1.79016668 -1.79005939 0.01006901 1.28987265 -2.38997204
1.36074281 0.22027075 0.14973307 4.60000706 5.38995790 -0.17996866 4.48308945 -1.79014284 -1.78982002 0.01005697 1.28999281 -2.38995988
1.36676943 0.22328937 0.14667749 4.59999466 5.38997030 -0.18001682 4.52814341 -1.79009468 -1.78988010 0.01003301 1.29005277 -2.38994795
1.37271249 0.22610450 0.14377737 4.60006666 5.39001799 -0.17998058 4.56269693 -1.79013092 -1.78995163 0.01005697 1.29017258 -2.38998396
1.38513792 0.23260927 0.13751030 4.60004282 5.38997030 -0.17995674 4.59788704 -1.79005891 -1.78985578 0.01012897 1.28977680 -2.38997204
1.39560986 0.23779666 0.13217831 4.60004282 5.38998222 -0.17998058 4.66925192 -1.79002315 -1.78986770 0.01006901 1.29002881 -2.38998396
1.40781987 0.24382210 0.12624645 4.60003090 5.39000607 -0.17996866 4.73723364 -1.78992731 -1.78979618 0.00998509 1.29001689 -2.38995988
1.41782522 0.24881756 0.12099743 4.60000706 5.39001799 -0.17998058 4.78945637 -1.79002315 -1.78993971 0.00994956 1.28993261 -2.38995988
1.42790246 0.25394499 0.11630011 4.60005474 5.38999414 -0.17993290 4.86231136 -1.79005891 -1.78999979 0.00996113 1.29007673 -2.38997204
1.43912983 0.25950384 0.11034489 4.60001898 5.38997030 -0.17999298 4.89447832 -1.78995115 -1.79003555 0.00997317 1.28994453 -2.38999588
1.44725442 0.26361251 0.10660601 4.60004282 5.38998222 -0.17999298 4.92959690 -1.78995115 -1.79002363 0.00996113 1.28983665 -2.38999588
1.45518720 0.26752985 0.10242367 4.60003090 5.38999414 -0.17996866 4.96526766 -1.78998691 -1.79007179 0.00999713 1.28968096 -2.38997204
1.46371877 0.27190256 0.09828997 4.60000706 5.38998222 -0.17999298 5.00861979 -1.79002315 -1.79004747 0.00997317 1.28968096 -2.38993603
1.47083712 0.27538848 0.09465837 4.60005474 5.38998222 -0.17999298 5.03377628 -1.79011900 -1.79003555 0.00997317 1.29011273 -2.38997204
1.47669661 0.27839577 0.09168673 4.60004282 5.38997030 -0.18000490 5.06472921 -1.79007084 -1.78993971 0.00996113 1.28995693 -2.38998396
1.48051918 0.28026426 0.08978128 4.60003090 5.38999414 -0.18002874 5.10305071 -1.79011900 -1.79008371 0.00996113 1.28988469 -2.38999588
1.48791313 0.28385842 0.08615065 4.60001898 5.38999414 -0.18001682 5.13287497 -1.79002315 -1.78996355 0.01000905 1.29005277 -2.38995988
1.49126863 0.28554738 0.08455658 4.60001898 5.38998222 -0.17998058 5.15590525 -1.78996307 -1.78995163 0.01000905 1.29014862 -2.38999588
1.49511528 0.28745246 0.08232737 4.60000706 5.38998222 -0.17996866 5.17163944 -1.78998691 -1.79001171 0.01002109 1.28998089 -2.38997204
1.49760795 0.28879440 0.08126116 4.60001898 5.39000607 -0.17994482 5.18790054 -1.78995115 -1.78998787 0.01002109 1.29002881 -2.38998396
1.49894977 0.28947711 0.08050632 4.60004282 5.39000607 -0.17998058 5.19452524 -1.78999883 -1.78999979 0.01003301 1.29007673 -2.38997204
1.49917793 0.28962088 0.08032656 4.60000706 5.39000607 -0.17999298 5.19601345 -1.78996307 -1.78996355 0.01002109 1.29006481 -2.38994795
1.49915397 0.28958499 0.08031464 4.60006666 5.38998222 -0.17995674 5.19597721 -1.79001123 -1.78997547 0.01000905 1.29002881 -2.38992387
1.49918985 0.28954899 0.08025455 4.59999466 5.39004183 -0.18001682 5.19602537 -1.78999883 -1.78999979 0.01003301 1.29006481 -2.38994795
1.49918985 0.28956103 0.08031464 4.59999466 5.38999414 -0.18000490 5.19606161 -1.79002315 -1.79001171 0.01000905 1.29005277 -2.38997204
1.49920189 0.28960896 0.08033848 4.60005474 5.38997030 -0.17999298 5.19603729 -1.78998691 -1.79002363 0.01002109 1.29001689 -2.38994795
