1.49922585 0.29030359 0.08036232 4.60000706 5.38995790 -0.17998058 5.19850922 -1.78889782 -1.78892166 0.01118350 1.29005277 -2.38999588
1.49923778 0.29029167 0.08035040 4.59999466 5.38999414 -0.17999298 5.19854546 -1.78889782 -1.78892166 0.01118350 1.29004085 -2.38999588
1.49923778 0.29031563 0.08032656 4.60001898 5.38998222 -0.17995674 5.19855785 -1.78889782 -1.78894550 0.01117158 1.29004085 -2.38997204
1.49924982 0.29026771 0.08037424 4.59999466 5.38998222 -0.17995674 5.19853354 -1.78888542 -1.78889782 0.01119554 1.29005277 -2.39000780
1.49926174 0.29035151 0.08033848 4.59999466 5.38999414 -0.18000490 5.19854546 -1.78889782 -1.78888590 0.01117158 1.29005277 -2.38998396
1.49926174 0.29026771 0.08031464 4.59998274 5.38999414 -0.17999298 5.19849730 -1.78887350 -1.78890974 0.01118350 1.29002881 -2.38997204
1.49921381 0.29027963 0.08035040 4.60003090 5.38998222 -0.17998058 5.19853354 -1.78886158 -1.78889782 0.01117158 1.29005277 -2.38995988
1.49922585 0.29030359 0.08035040 4.60003090 5.38997030 -0.17999298 5.19853354 -1.78887350 -1.78889782 0.01115954 1.29005277 -2.38999588
1.49923778 0.29031563 0.08031464 4.60001898 5.39001799 -0.17998058 5.19855785 -1.78887350 -1.78890974 0.01113558 1.28999281 -2.38997204
1.49926174 0.29026771 0.08029079 4.60001898 5.38994598 -0.17999298 5.19850922 -1.78889782 -1.78895790 0.01114762 1.29002881 -2.38998396
1.49922585 0.29021978 0.08032656 4.60000706 5.38999414 -0.17999298 5.19849730 -1.78882581 -1.78892166 0.01113558 1.29007673 -2.38995988
1.49865055 0.29063916 0.08064985 4.60003090 5.38998222 -0.17995674 5.19726133 -1.78801138 -1.78789169 0.01210594 1.29006481 -2.38999588
1.49734426 0.29130995 0.08127308 4.60000706 5.38999414 -0.17999298 5.19477701 -1.78621561 -1.78622657 0.01386726 1.28998089 -2.38994795
1.49446809 0.29261541 0.08271122 4.60001898 5.39000607 -0.17995674 5.18926907 -1.78178484 -1.78195030 0.01814413 1.28996885 -2.38997204
1.49083722 0.29447269 0.08454466 4.60000706 5.38998222 -0.18000490 5.18187618 -1.77638466 -1.77647573 0.02352357 1.28995693 -2.38998396
1.48635554 0.29666495 0.08661795 4.59999466 5.38998222 -0.18000490 5.17117071 -1.76840955 -1.76846201 0.03156340 1.28999281 -2.38997204
1.48156226 0.29898882 0.08902693 4.60003090 5.39001799 -0.17996866 5.16314220 -1.76245767 -1.76261646 0.03750610 1.28996885 -2.38995988
1.47451580 0.30265486 0.09256172 4.60000706 5.38998222 -0.17994482 5.15220928 -1.75429136 -1.75439960 0.04562962 1.28998089 -2.38999588
1.46875179 0.30544603 0.09558153 4.60000706 5.39000607 -0.17996866 5.13671494 -1.74247200 -1.74248058 0.05763555 1.28995693 -2.38997204
1.46043551 0.30979526 0.09977531 4.60003090 5.39001799 -0.17994482 5.11967278 -1.72957546 -1.72957975 0.07043314 1.28999281 -2.39003188
1.45493507 0.31234670 0.10231590 4.60003090 5.39000607 -0.17995674 5.10419083 -1.71822340 -1.71823627 0.08180511 1.28986061 -2.38999588
1.44596040 0.31689882 0.10689354 4.60000706 5.38995790 -0.17996866 5.09253693 -1.70926601 -1.70936042 0.09076893 1.28996885 -2.38994795
1.43760824 0.32110417 0.11115980 4.60005474 5.39000607 -0.17995674 5.07578278 -1.69702751 -1.69722635 0.10290813 1.29007673 -2.38998396
1.42980754 0.32498562 0.11494637 4.60003090 5.39001799 -0.17999298 5.06193256 -1.68597538 -1.68575126 0.11434114 1.28992057 -2.38997204
1.41678262 0.33149076 0.12142897 4.60003090 5.38998222 -0.17998058 5.03732872 -1.66804821 -1.66809541 0.13187480 1.28998089 -2.38995988
1.40792775 0.33601928 0.12600660 4.60001898 5.38998222 -0.18000490 5.02350187 -1.65755827 -1.65744716 0.14263701 1.28990865 -2.38997204
1.40033090 0.33979321 0.12974548 4.59998274 5.38995790 -0.17998058 5.01493263 -1.65067274 -1.65072710 0.14912117 1.29000485 -2.38999588
1.38826501 0.34587932 0.13585663 4.60001898 5.38999414 -0.17999298 4.98064280 -1.62563259 -1.62569362 0.17453194 1.28996885 -2.38999588
1.38023710 0.34972477 0.13994312 4.60001898 5.38999414 -0.18000490 4.96200323 -1.61184866 -1.61189539 0.18807709 1.29006481 -2.38997204
1.37127471 0.35430121 0.14418507 4.60001898 5.39000607 -0.17995674 4.94371176 -1.59810096 -1.59824068 0.20196974 1.28999281 -2.38997204
1.36209667 0.35886574 0.14890623 4.60000706 5.39000607 -0.17995674 4.92371559 -1.58290416 -1.58289749 0.21712232 1.28998089 -2.38998396
1.35299051 0.36346662 0.15346003 4.60003090 5.38997030 -0.18000490 4.91035748 -1.57260496 -1.57251293 0.22738457 1.28995693 -2.38997204
1.34631717 0.36660492 0.15669537 4.60004282 5.38995790 -0.17996866 4.89591837 -1.56216175 -1.56208021 0.23796999 1.28995693 -2.39000780
1.34146512 0.36914527 0.15921164 4.59999466 5.38999414 -0.18000490 4.88233137 -1.55149204 -1.55150444 0.24852026 1.28989661 -2.38997204
1.33195186 0.37402093 0.16405249 4.60000706 5.38998222 -0.17996866 4.86604452 -1.53967125 -1.53967029 0.26030600 1.28994453 -2.38995988
1.32650018 0.37676418 0.16665316 4.60000706 5.39001799 -0.18001682 4.85269785 -1.52964765 -1.52958519 0.27044880 1.28993261 -2.38994795
1.32107282 0.37948430 0.16957664 4.60001898 5.38998222 -0.17998058 4.84520817 -1.52422268 -1.52420742 0.27586830 1.29002881 -2.39000780
1.31535828 0.38221550 0.17215300 4.60000706 5.38999414 -0.18001682 4.83519793 -1.51655800 -1.51655418 0.28343403 1.29000485 -2.38999588
1.30983496 0.38493514 0.17504072 4.59999466 5.39000607 -0.17999298 4.82080698 -1.50589878 -1.50583440 0.29417789 1.28996885 -2.38997204
1.30561769 0.38705599 0.17698193 4.60003090 5.38998222 -0.17995674 4.81256151 -1.49950391 -1.49940235 0.30061638 1.29001689 -2.38995988
1.30322158 0.38828969 0.17826414 4.59999466 5.38998222 -0.17996866 4.80736446 -1.49568350 -1.49570162 0.30438173 1.28998089 -2.38999588
1.30082548 0.38955963 0.17960644 4.60003090 5.38998222 -0.17998058 4.80130291 -1.49106104 -1.49104244 0.30892634 1.28995693 -2.38999588
1.30076551 0.38958359 0.17959452 4.60004282 5.38999414 -0.17995674 4.80142307 -1.49115593 -1.49111396 0.30892634 1.28996885 -2.38999588
1.30075359 0.38954759 0.17960644 4.60003090 5.38999414 -0.17998058 4.80137444 -1.49098903 -1.49095852 0.30892634 1.28993261 -2.38999588
1.30075359 0.38952363 0.17959452 4.60003090 5.39001799 -0.17999298 4.80141068 -1.49098903 -1.49088699 0.30889046 1.28998089 -2.39000780
1.30070567 0.38952363 0.17958260 4.60004282 5.39001799 -0.17998058 4.80142307 -1.49092895 -1.49088699 0.30890238 1.28999281 -2.38995988
1.30075359 0.38953567 0.17961836 4.60006666 5.38999414 -0.17999298 4.80139875 -1.49092895 -1.49093467 0.30891442 1.28994453 -2.38999588
1.30076551 0.38958359 0.17955875 4.60000706 5.39000607 -0.18000490 4.80173492 -1.49112112 -1.49126989 0.30860281 1.28996885 -2.38999588
1.30203509 0.38893640 0.17903090 4.60000706 5.38999414 -0.17996866 4.80391932 -1.49276144 -1.49285108 0.30687594 1.28994453 -2.38999588
1.30395222 0.38791847 0.17810822 4.60003090 5.39001799 -0.18000490 4.80747223 -1.49532396 -1.49536592 0.30445361 1.28994453 -2.38999588
1.30796587 0.38610923 0.17614317 4.60003090 5.38999414 -0.18001682 4.81607771 -1.50182754 -1.50202543 0.29797840 1.28987265 -2.38999588
1.31207526 0.38401282 0.17414188 4.60000706 5.39000607 -0.17998058 4.82050657 -1.50506097 -1.50522358 0.29464531 1.28994453 -2.38999588
1.31838953 0.38082612 0.17085886 4.60001898 5.38997030 -0.17996866 4.83004904 -1.51212675 -1.51212246 0.28759480 1.28980076 -2.39000780
1.32312179 0.37830973 0.16843843 4.59995842 5.39002991 -0.17998058 4.84480000 -1.52327663 -1.52345306 0.27646780 1.28989661 -2.39000780
1.32835734 0.37590206 0.16598177 4.60000706 5.38997030 -0.17999298 4.85461807 -1.53058178 -1.53065139 0.26921368 1.28983665 -2.38999588
1.33822978 0.37077391 0.16086483 4.59999466 5.39000607 -0.18004114 4.87463808 -1.54588682 -1.54573089 0.25401127 1.28989661 -2.38999588
1.34660447 0.36660492 0.15670729 4.60001898 5.38997030 -0.18002874 4.89581013 -1.56165916 -1.56186468 0.23805392 1.28987265 -2.39000780
1.35501552 0.36232805 0.15250111 4.60001898 5.38999414 -0.18001682 4.90619278 -1.56938297 -1.56935054 0.23050117 1.28978872 -2.38998396
1.36352241 0.35827887 0.14848661 4.60003090 5.38999414 -0.17996866 4.92367983 -1.58276016 -1.58296901 0.21707439 1.29006481 -2.38998396
1.37240088 0.35382187 0.14390898 4.60000706 5.38998222 -0.17996866 4.93718243 -1.59280759 -1.59291059 0.20724428 1.28987265 -2.39001996
1.38125539 0.34930539 0.13934374 4.60001898 5.39002991 -0.17994482 4.96133089 -1.61107046 -1.61144001 0.18869984 1.28993261 -2.39000780
1.39082921 0.34452546 0.13464594 4.60004282 5.39000607 -0.17998058 4.98268318 -1.62679369 -1.62702305 0.17312968 1.29000485 -2.38999588
1.40052259 0.33966136 0.12986517 4.59997082 5.38998222 -0.17995674 5.00099850 -1.64031393 -1.64039070 0.15952504 1.28983665 -2.38999588
1.40932953 0.33539617 0.12553930 4.59999466 5.38999414 -0.17999298 5.02011728 -1.65515119 -1.65519554 0.14492679 1.28996885 -2.38997204
1.41893935 0.33040059 0.12063837 4.59998274 5.38998222 -0.17998058 5.03322363 -1.66477901 -1.66470558 0.13513482 1.28986061 -2.39000780
1.42584121 0.32717836 0.11731911 4.60001898 5.38998222 -0.17998058 5.04599380 -1.67423946 -1.67442018 0.12559474 1.28993261 -2.38999588
1.43446875 0.32268536 0.11270571 4.59997082 5.39000607 -0.18000490 5.06811333 -1.69117195 -1.69121343 0.10869658 1.29001689 -2.38999588
1.44308424 0.31844449 0.10863113 4.59998274 5.38997030 -0.18001682 5.08464003 -1.70320684 -1.70323974 0.09665275 1.28988469 -2.39001996
1.44962692 0.31507838 0.10519171 4.59993458 5.38998222 -0.17999298 5.10374689 -1.71795971 -1.71797258 0.08212864 1.29005277 -2.39000780
1.45773947 0.31117260 0.10127306 4.60003090 5.39001799 -0.17996866 5.11406803 -1.72552759 -1.72561533 0.07445943 1.29002881 -2.39001996
1.46500111 0.30754292 0.09759426 4.60001898 5.39000607 -0.18000490 5.13201046 -1.73919136 -1.73933059 0.06076300 1.28994453 -2.39001996
1.47268260 0.30376899 0.09367609 4.59997082 5.38999414 -0.18001682 5.14680815 -1.75016004 -1.75017101 0.04987121 1.28994453 -2.39001996
1.47759581 0.30119359 0.09118366 4.60000706 5.39004183 -0.17996866 5.15691376 -1.75762016 -1.75748998 0.04233468 1.28995693 -2.39001996
1.48600757 0.29700053 0.08698893 4.60000706 5.39000607 -0.17998058 5.17175913 -1.76895982 -1.76891739 0.03103614 1.28999281 -2.39000780
1.48999834 0.29505944 0.08513165 4.59994650 5.39000607 -0.18000490 5.17850399 -1.77375013 -1.77376873 0.02621925 1.28996885 -2.38999588
1.49322212 0.29341841 0.08339405 4.59998274 5.39002991 -0.17998058 5.18787670 -1.78101856 -1.78090793 0.01907849 1.28995693 -2.39001996
1.49711657 0.29151332 0.08156109 4.59995842 5.39000607 -0.17999298 5.19381714 -1.78546077 -1.78528005 0.01466978 1.28999281 -2.38995988
1.49903369 0.29050732 0.08043432 4.59998274 5.38999414 -0.17998058 5.19730997 -1.78791553 -1.78781969 0.01208198 1.28998089 -2.39001996
1.49952507 0.29030359 0.08023071 4.59999466 5.39000607 -0.18000490 5.19844961 -1.78878957 -1.78875381 0.01118350 1.29004085 -2.38998396
1.49960899 0.29030359 0.08018255 4.59994650 5.39001799 -0.17996866 5.19846153 -1.78895742 -1.78882581 0.01121914 1.29001689 -2.38998396
1.49966884 0.29024374 0.08019447 4.59998274 5.38997030 -0.18000490 5.19846153 -1.78898126 -1.78883773 0.01121914 1.29001689 -2.38999588
1.49968088 0.29030359 0.08024263 4.60001898 5.39000607 -0.17995674 5.19846153 -1.78899366 -1.78889782 0.01117158 1.29001689 -2.38998396
1.49964488 0.29024374 0.08019447 4.59999466 5.38998222 -0.17998058 5.19844961 -1.78896934 -1.78889782 0.01117158 1.29000485 -2.38998396
