2.42291117 -0.83618290 -0.00091106 -1.21818287 -0.16413480 -0.07930404 -3.04463751 -0.66850883 -0.96670944 0.41565225 0.02446392 0.00000000
2.42289925 -0.83620674 -0.00091106 -1.21820671 -0.16413480 -0.07929212 -3.04463751 -0.66852075 -0.96672136 0.41565225 0.02446392 0.00000000
2.42293501 -0.83621866 -0.00089914 -1.21819479 -0.16415912 -0.07932789 -3.04466135 -0.66858083 -0.96666176 0.41568822 0.02446392 0.00000000
2.42291117 -0.83620674 -0.00087482 -1.21819479 -0.16417104 -0.07932789 -3.04466135 -0.66855652 -0.96672136 0.41566423 0.02445194 0.00000000
2.42288709 -0.83627874 -0.00087482 -1.21819479 -0.16415912 -0.07930404 -3.04466135 -0.66858083 -0.96669752 0.41566423 0.02446392 0.00000000
2.42293501 -0.83618290 -0.00095874 -1.21819479 -0.16412288 -0.07929212 -3.04466135 -0.66854459 -0.96668560 0.41567624 0.02447591 0.00000000
2.42289925 -0.83621866 -0.00091106 -1.21817094 -0.16412288 -0.07930404 -3.04462511 -0.66855652 -0.96668560 0.41566423 0.02446392 0.00000000
2.42289925 -0.83623058 -0.00091106 -1.21819479 -0.16412288 -0.07930404 -3.04464943 -0.66854459 -0.96669752 0.41566423 0.02445194 0.00000000
2.42283893 -0.83623058 -0.00091106 -1.21814663 -0.16415912 -0.07931596 -3.04462511 -0.66850883 -0.96668560 0.41567624 0.02447591 0.00000000
2.42291117 -0.83619482 -0.00089914 -1.21820671 -0.16417104 -0.07929212 -3.04463751 -0.66853267 -0.96664983 0.41566423 0.02445194 0.00000000
2.42295909 -0.83620674 -0.00088722 -1.21815902 -0.16418296 -0.07930404 -3.04466135 -0.66853267 -0.96675712 0.41566423 0.02445194 0.00000000
2.42292309 -0.83619482 -0.00093490 -1.21818287 -0.16413480 -0.07933981 -3.04468519 -0.66854459 -0.96670944 0.41568822 0.02445194 0.00000000
2.42293501 -0.83624250 -0.00094682 -1.21820671 -0.16412288 -0.07931596 -3.04462511 -0.66850883 -0.96670944 0.41562828 0.02447591 0.00000000
2.42291117 -0.83619482 -0.00089914 -1.21821863 -0.16413480 -0.07930404 -3.04467327 -0.66853267 -0.96669752 0.41568822 0.02445194 0.00000000
2.42293501 -0.83623058 -0.00094682 -1.21819479 -0.16415912 -0.07931596 -3.04461319 -0.66853267 -0.96670944 0.41565225 0.02442797 0.00000000
2.42289925 -0.83623058 -0.00092298 -1.21817094 -0.16415912 -0.07935173 -3.04466135 -0.66853267 -0.96669752 0.41566423 0.02445194 0.00000000
2.42292309 -0.83614666 -0.00091106 -1.21819479 -0.16413480 -0.07933981 -3.04467327 -0.66852075 -0.96666176 0.41566423 0.02447591 0.00000000
2.42289925 -0.83621866 -0.00089914 -1.21819479 -0.16414720 -0.07932789 -3.04462511 -0.66852075 -0.96673328 0.41567624 0.02446392 0.00000000
2.42295909 -0.83618290 -0.00086290 -1.21818287 -0.16413480 -0.07930404 -3.04464943 -0.66853267 -0.96672136 0.41564026 0.02447591 0.00000000
2.42289925 -0.83621866 -0.00093490 -1.21819479 -0.16414720 -0.07932789 -3.04463751 -0.66853267 -0.96667368 0.41567624 0.02442797 0.00000000
2.42288709 -0.83620674 -0.00089914 -1.21820671 -0.16413480 -0.07930404 -3.04466135 -0.66855652 -0.96669752 0.41566423 0.02446392 0.00000000
2.42292309 -0.83620674 -0.00087482 -1.21819479 -0.16418296 -0.07929212 -3.04463751 -0.66854459 -0.96669752 0.41568822 0.02445194 0.00000000
2.42291117 -0.83620674 -0.00094682 -1.21817094 -0.16413480 -0.07932789 -3.04466135 -0.66852075 -0.96670944 0.41564026 0.02449988 0.00000000
