4.59678268 -3.04470903 -0.66853267 -0.96672136 0.41567624 0.02445194 -2.18990499 -0.41782219 -1.03192217 0.16725372 -0.03774244 0.00000000
4.59675884 -3.04468519 -0.66856891 -0.96667368 0.41567624 0.02445194 -2.18985683 -0.41785843 -1.03187400 0.16725372 -0.03775484 0.00000000
4.59677076 -3.04468519 -0.66854459 -0.96668560 0.41568822 0.02445194 -2.18988067 -0.41784650 -1.03185016 0.16725372 -0.03774244 0.00000000
4.59678268 -3.04466135 -0.66852075 -0.96668560 0.41566423 0.02445194 -2.18989259 -0.41779834 -1.03188640 0.16725372 -0.03770668 0.00000000
4.59674692 -3.04472143 -0.66853267 -0.96670944 0.41565225 0.02443996 -2.18990499 -0.41782219 -1.03188640 0.16721776 -0.03771860 0.00000000
4.59673500 -3.04469711 -0.66854459 -0.96667368 0.41568822 0.02445194 -2.18986875 -0.41784650 -1.03189785 0.16724174 -0.03771860 0.00000000
4.59675884 -3.04466135 -0.66854459 -0.96668560 0.41564026 0.02445194 -2.18986875 -0.41784650 -1.03188640 0.16725372 -0.03770668 0.00000000
4.59679508 -3.04469711 -0.66852075 -0.96668560 0.41565225 0.02442797 -2.18994075 -0.41784650 -1.03186161 0.16721776 -0.03771860 0.00000000
4.59678268 -3.04472143 -0.66854459 -0.96669752 0.41566423 0.02443996 -2.18988067 -0.41785843 -1.03187400 0.16722976 -0.03770668 0.00000000
4.59679508 -3.04473335 -0.66855652 -0.96668560 0.41568822 0.02446392 -2.18989259 -0.41784650 -1.03185016 0.16722976 -0.03775484 0.00000000
4.59777927 -3.04522401 -0.66883213 -0.96601612 0.41549608 0.02424858 -2.16610557 -0.41022283 -1.03466589 0.16970561 -0.03740675 0.00000000
4.59971094 -3.04631406 -0.66945488 -0.96479685 0.41513544 0.02374599 -2.12750751 -0.39751703 -1.03948337 0.17376079 -0.03674585 0.00000000
4.60229206 -3.04770357 -0.67020923 -0.96318275 0.41479912 0.02313517 -2.07453090 -0.38005239 -1.04574997 0.17939524 -0.03577358 0.00000000
4.60247183 -3.04771549 -0.67018539 -0.96297962 0.41476318 0.02305166 -2.06996566 -0.37849409 -1.04655296 0.18011317 -0.03576166 0.00000000
4.60985279 -3.05175144 -0.67255670 -0.95828182 0.41368198 0.02132818 -1.92084867 -0.32930214 -1.06500751 0.19584322 -0.03314335 0.00000000
4.61393404 -3.05390770 -0.67373020 -0.95565254 0.41304493 0.02040651 -1.82023079 -0.29669983 -1.07679969 0.20627436 -0.03149826 0.00000000
4.61441374 -3.05403930 -0.67380220 -0.95525772 0.41292471 0.02022675 -1.81523496 -0.29481823 -1.07779438 0.20706382 -0.03134233 0.00000000
