1.49918985 0.28952503 0.08032656 4.60000706 5.39000607 -0.17998058 5.19607353 -1.78998691 -1.79002363 0.01000905 1.28999281 -2.38997204
1.49916589 0.28957295 0.08038664 4.60003090 5.38999414 -0.18001682 5.19604969 -1.78999883 -1.78999979 0.01003301 1.29000485 -2.38997204
1.49920189 0.28958499 0.08035040 4.60000706 5.38997030 -0.17998058 5.19603729 -1.78997499 -1.78998787 0.01000905 1.29000485 -2.38997204
1.49918985 0.28952503 0.08031464 4.60003090 5.38999414 -0.17994482 5.19604969 -1.78999883 -1.78999979 0.00999713 1.29001689 -2.38994795
1.49918985 0.28954899 0.08032656 4.60001898 5.38997030 -0.17999298 5.19609737 -1.78998691 -1.79001171 0.01002109 1.29000485 -2.39000780
1.49920189 0.28956103 0.08036232 4.60000706 5.38997030 -0.18000490 5.19607353 -1.78999883 -1.79001171 0.01000905 1.29000485 -2.38995988
1.49917793 0.28959692 0.08035040 4.60003090 5.38999414 -0.17996866 5.19604969 -1.78998691 -1.78999979 0.01002109 1.28999281 -2.38997204
1.49916589 0.28958499 0.08036232 4.60003090 5.39001799 -0.17996866 5.19604969 -1.78995115 -1.78999979 0.00999713 1.29001689 -2.38999588
1.49918985 0.28957295 0.08037424 4.60005474 5.38998222 -0.17998058 5.19628906 -1.79001123 -1.78999979 0.01004505 1.28998089 -2.38995988
1.49920189 0.28959692 0.08042240 4.60004282 5.39000607 -0.17999298 5.19628906 -1.78995115 -1.78996355 0.01000905 1.28996885 -2.38998396
1.49912953 0.28974068 0.08050632 4.60001898 5.38998222 -0.17999298 5.19597721 -1.78972418 -1.78973610 0.01023674 1.29002881 -2.38997204
1.49823117 0.29004002 0.08091354 4.60000706 5.39000607 -0.17999298 5.19568920 -1.78956825 -1.78952057 0.01042855 1.29000485 -2.38995988
1.49685299 0.29069912 0.08144093 4.60001898 5.39000607 -0.17998058 5.19070864 -1.78567630 -1.78568775 0.01427436 1.28986061 -2.38997204
1.49396479 0.29207659 0.08303499 4.60000706 5.38998222 -0.17993290 5.18564463 -1.78198845 -1.78208191 0.01804829 1.28990865 -2.38998396
1.49100506 0.29363406 0.08450890 4.60001898 5.38999414 -0.17996866 5.18013620 -1.77764160 -1.77763778 0.02230155 1.28996885 -2.38998396
1.48607945 0.29603016 0.08686972 4.60003090 5.38995790 -0.17996866 5.17066717 -1.77073270 -1.77067787 0.02923894 1.28996885 -2.38994795
1.48303592 0.29757500 0.08842707 4.60001898 5.38999414 -0.18000490 5.16367006 -1.76546365 -1.76535970 0.03449845 1.29002881 -2.38998396
1.47283804 0.30277467 0.09334040 4.60003090 5.39000607 -0.17999298 5.14634037 -1.75196821 -1.75179989 0.04822981 1.29000485 -2.38994795
1.46187329 0.30830956 0.09900856 4.60001898 5.38999414 -0.17993290 5.12491751 -1.73569423 -1.73561699 0.06423807 1.28996885 -2.38997204
1.45214319 0.31320918 0.10383749 4.60003090 5.38998222 -0.17994482 5.10769510 -1.72295314 -1.72302753 0.07704771 1.29000485 -2.38997204
1.44679892 0.31588101 0.10653400 4.60000706 5.38999414 -0.17999298 5.10011005 -1.71715767 -1.71711046 0.08289564 1.28990865 -2.38998396
1.43952560 0.31942677 0.11020088 4.60001898 5.38999414 -0.17999298 5.08006716 -1.70193750 -1.70169431 0.09819841 1.29006481 -2.38997204
1.43022668 0.32433879 0.11492252 4.60001898 5.38997030 -0.17995674 5.05844021 -1.68550808 -1.68532020 0.11474860 1.29005277 -2.38999588
1.42071271 0.32920253 0.11967993 4.60006666 5.38998222 -0.17994482 5.04185343 -1.67279035 -1.67279131 0.12706876 1.28993261 -2.38997204
1.41049206 0.33438981 0.12479639 4.59999466 5.38997030 -0.17998058 5.02699471 -1.66212112 -1.66207058 0.13791525 1.29013669 -2.38995988
1.40086985 0.33902657 0.12954140 4.60004282 5.38998222 -0.17995674 5.00417900 -1.64422971 -1.64416343 0.15579760 1.28992057 -2.38994795
1.39150000 0.34386635 0.13411903 4.60005474 5.38997030 -0.17999298 4.98323536 -1.62880546 -1.62872440 0.17123580 1.28993261 -2.38999588
1.38398743 0.34768820 0.13792992 4.60003090 5.38998222 -0.17998058 4.96972084 -1.61823160 -1.61838705 0.18172395 1.28989661 -2.38997204
1.37676239 0.35117447 0.14140511 4.60004282 5.38999414 -0.17999298 4.95284557 -1.60570556 -1.60572654 0.19420207 1.28996885 -2.38997204
1.36496019 0.35730851 0.14751625 4.60001898 5.39000607 -0.17998058 4.93568230 -1.59249622 -1.59252721 0.20753193 1.28995693 -2.38998396
1.35642970 0.36147761 0.15161419 4.60000706 5.38999414 -0.17996866 4.91557837 -1.57759840 -1.57757932 0.22233701 1.28996885 -2.38998396
1.35143340 0.36387360 0.15419054 4.60004282 5.39000607 -0.17999298 4.90426016 -1.56879646 -1.56877548 0.23120832 1.28990865 -2.38997204
1.34537089 0.36707234 0.15734196 4.60003090 5.39000607 -0.17999298 4.89054155 -1.55855734 -1.55865461 0.24145854 1.28988469 -2.38998396
1.33533037 0.37227201 0.16231489 4.60003090 5.38999414 -0.17999298 4.87737465 -1.54879743 -1.54882080 0.25119388 1.29002881 -2.38997204
1.32723081 0.37627316 0.16641331 4.60000706 5.38998222 -0.17998058 4.85953903 -1.53500110 -1.53496343 0.26506555 1.29002881 -2.38998396
1.32277465 0.37848949 0.16855812 4.60000706 5.39001799 -0.17996866 4.84586811 -1.52479726 -1.52490217 0.27518475 1.29002881 -2.38998396
1.31616080 0.38177252 0.17188931 4.59998274 5.38998222 -0.17999298 4.83241320 -1.51443798 -1.51427871 0.28562868 1.28999281 -2.38997204
1.31038594 0.38463557 0.17478895 4.60001898 5.39001799 -0.17994482 4.82127476 -1.50617439 -1.50615770 0.29383004 1.28998089 -2.39000780
1.30679178 0.38636088 0.17649078 4.60001898 5.38997030 -0.18000490 4.81280136 -1.49973137 -1.49964220 0.30036473 1.29001689 -2.38999588
1.30324554 0.38830161 0.17827606 4.60006666 5.38999414 -0.17999298 4.80579185 -1.49443800 -1.49463588 0.30554497 1.28996885 -2.38999588
1.30149627 0.38918805 0.17923450 4.60003090 5.38999414 -0.18000490 4.80238295 -1.49198276 -1.49192888 0.30802715 1.29000485 -2.38995988
1.30077755 0.38951170 0.17954636 4.60005474 5.38999414 -0.18001682 4.80145931 -1.49108488 -1.49104244 0.30877054 1.28998089 -2.39000780
1.30071759 0.38957155 0.17959452 4.59998274 5.39001799 -0.17999298 4.80136251 -1.49104911 -1.49100668 0.30893838 1.28994453 -2.38998396
1.30077755 0.38953567 0.17955875 4.60001898 5.38999414 -0.18000490 4.80127859 -1.49102527 -1.49104244 0.30902219 1.28996885 -2.38997204
1.30083752 0.38954759 0.17955875 4.60006666 5.39001799 -0.17999298 4.80126667 -1.49103719 -1.49101860 0.30902219 1.28996885 -2.38997204
1.30086148 0.38960755 0.17958260 4.60001898 5.38999414 -0.17998058 4.80132675 -1.49101288 -1.49104244 0.30903423 1.28995693 -2.38999588
1.30086148 0.38960755 0.17955875 4.60004282 5.38998222 -0.17999298 4.80135059 -1.49100095 -1.49104244 0.30881846 1.29000485 -2.38993603
1.30110073 0.38945174 0.17951059 4.60003090 5.38998222 -0.18001682 4.80193901 -1.49144394 -1.49144966 0.30848300 1.29000485 -2.38998396
1.30227518 0.38882899 0.17893505 4.60003090 5.38998222 -0.18000490 4.80354738 -1.49247390 -1.49258739 0.30739164 1.28994453 -2.38995988
1.30449152 0.38778663 0.17783260 4.60003090 5.39001799 -0.17996866 4.80782032 -1.49575502 -1.49555761 0.30423796 1.28999281 -2.38997204
1.30723476 0.38642085 0.17649078 4.60003090 5.38998222 -0.17995674 4.81302929 -1.49959928 -1.49949819 0.30034077 1.28987265 -2.38998396
1.31079340 0.38482738 0.17466927 4.59999466 5.39002991 -0.17998058 4.82167149 -1.50612671 -1.50609810 0.29383004 1.28992057 -2.38998396
1.31529832 0.38241923 0.17238092 4.60003090 5.39001799 -0.17996866 4.83078146 -1.51298935 -1.51304466 0.28698325 1.28992057 -2.38998396
1.31901193 0.38058639 0.17077494 4.60003090 5.38999414 -0.17998058 4.83918285 -1.51900131 -1.51897365 0.28094018 1.28986061 -2.38997204
1.32702744 0.37645292 0.16656923 4.60000706 5.39000607 -0.17996866 4.85096931 -1.52829439 -1.52838785 0.27157605 1.28996885 -2.38998396
1.33465922 0.37267911 0.16263866 4.60000706 5.38998222 -0.17999298 4.86795282 -1.54088098 -1.54091627 0.25903487 1.29001689 -2.38997204
1.34142876 0.36932456 0.15931940 4.60001898 5.38999414 -0.17998058 4.87526226 -1.54581482 -1.54557544 0.25401127 1.28990865 -2.38997204
1.34835422 0.36593425 0.15583229 4.60000706 5.39001799 -0.17999298 4.89341021 -1.55939609 -1.55949337 0.24048746 1.28990865 -2.38993603
1.36117435 0.35947657 0.14955330 4.60005474 5.39000607 -0.18000490 4.91590261 -1.57704813 -1.57723171 0.22285271 1.29005277 -2.39000780
1.36971712 0.35521173 0.14515543 4.60003090 5.38999414 -0.17996866 4.93244171 -1.58889181 -1.58876640 0.21103251 1.28992057 -2.38999588
1.37677443 0.35166585 0.14183617 4.60003090 5.38998222 -0.17995674 4.95404530 -1.60529834 -1.60529596 0.19475377 1.28995693 -2.39000780
1.38494575 0.34744859 0.13745022 4.60003090 5.38998222 -0.18000490 4.96739197 -1.61498577 -1.61494953 0.18498397 1.28983665 -2.38997204
1.39321339 0.34339941 0.13335276 4.59998274 5.39004183 -0.17999298 4.98694420 -1.62990791 -1.62992174 0.17001307 1.28998089 -2.38997204
1.40053463 0.33991313 0.12986517 4.60000706 5.38997030 -0.17998058 5.00275040 -1.64205057 -1.64205581 0.15801466 1.28998089 -2.38997204
1.41204953 0.33397114 0.12404156 4.59999466 5.38997030 -0.17996866 5.01750135 -1.65279228 -1.65269214 0.14719176 1.28986061 -2.38997204
1.41881955 0.33066428 0.12079430 4.60001898 5.38997030 -0.17999298 5.03527641 -1.66613228 -1.66593963 0.13392413 1.28987265 -2.38997204
1.42761445 0.32613575 0.11620474 4.60003090 5.38995790 -0.17999298 5.05637550 -1.68225080 -1.68233759 0.11760080 1.29005277 -2.38999588
1.43825531 0.32085252 0.11082411 4.60001898 5.38999414 -0.17998058 5.07460690 -1.69581873 -1.69602901 0.10392678 1.29000485 -2.38998396
1.44677496 0.31667149 0.10659409 4.60003090 5.38999414 -0.17995674 5.09394121 -1.71021253 -1.71001941 0.08983374 1.28994453 -2.39000780
1.45831466 0.31092095 0.10087776 4.59999466 5.38999414 -0.17995674 5.11128426 -1.72334844 -1.72319538 0.07677209 1.28995693 -2.38998396
1.46530068 0.30742311 0.09746265 4.60004282 5.38998222 -0.17995674 5.13006639 -1.73753864 -1.73755771 0.06247675 1.29006481 -2.39001996
1.47301781 0.30345786 0.09347248 4.60000706 5.39000607 -0.17994482 5.14137173 -1.74584896 -1.74583465 0.05413687 1.28994453 -2.38994795
1.47944057 0.30031872 0.09030867 4.60003090 5.38998222 -0.17996866 5.15656519 -1.75724918 -1.75710613 0.04274213 1.28995693 -2.39000780
1.48422229 0.29806638 0.08812809 4.60001898 5.39004183 -0.18002874 5.16554213 -1.76407463 -1.76408989 0.03584027 1.29006481 -2.38997204
1.48977065 0.29527521 0.08517981 4.60000706 5.38998222 -0.18001682 5.17793941 -1.77339060 -1.77337343 0.02659118 1.29008877 -2.38997204
1.49371350 0.29332256 0.08331060 4.60000706 5.38998222 -0.17995674 5.18556023 -1.77913887 -1.77901537 0.02086377 1.29012465 -2.38994795
1.49578631 0.29207659 0.08201647 4.60005474 5.38997030 -0.17996866 5.19090080 -1.78323347 -1.78321964 0.01673031 1.29004085 -2.38995988
1.49785924 0.29116654 0.08112955 4.60000706 5.39000607 -0.17994482 5.19510126 -1.78639537 -1.78632242 0.01371109 1.29004085 -2.38994795
1.49912953 0.29045939 0.08037424 4.60004282 5.38999414 -0.17998058 5.19836569 -1.78863413 -1.78879005 0.01115954 1.29006481 -2.38998396
1.49926174 0.29021978 0.08033848 4.60004282 5.38999414 -0.17998058 5.19835377 -1.78898126 -1.78874189 0.01123106 1.29005277 -2.38998396
1.49921381 0.29021978 0.08032656 4.60000706 5.39000607 -0.17998058 5.19843769 -1.78900558 -1.78883773 0.01119554 1.29004085 -2.39000780
1.49926174 0.29021978 0.08031464 4.60000706 5.38995790 -0.17995674 5.19847345 -1.78888542 -1.78887397 0.01119554 1.29002881 -2.39001996
